0.916227 0.112368
3.204468 -11.191451
12.539540 -0.507830
1.367544 -5.040900
-3.024234 -2.620307
10.310112 -4.020215
-1.076990 -7.638181
7.222876 12.326226
6.584811 -2.617098
3.142683 2.830878
0.411084 -0.685670
12.585276 1.970921
0.109582 -4.217648
5.839935 1.270004
10.151744 2.754205
-4.121153 -0.752704
5.257185 -7.449081
4.233183 1.225722
-1.640685 0.386327
-3.997599 -0.063216
-0.022506 5.101159
1.524419 -3.184195
-7.744136 -12.596716
0.699110 15.810122
-4.994431 -6.685594
-3.291863 5.468106
-6.755700 10.108384
4.388369 6.036561
1.224949 2.387898
-3.687576 1.784966
2.083826 -1.122446
3.009625 13.624436
